%YAML:1.0
---
R: !!opencv-matrix
   rows: 3
   cols: 3
   dt: d
   data: [ 9.9451805513386338e-01, 3.9913140830305201e-03,
       1.0448879090432817e-01, 8.9392947841414284e-05,
       9.9923841659679247e-01, -3.9020235853154291e-02,
       -1.0456495599223808e-01, 3.8815669632578979e-02,
       9.9376028989355158e-01 ]
T: !!opencv-matrix
   rows: 3
   cols: 1
   dt: d
   data: [ 7.3710458158749272e+00, -1.4689482111929136e-01,
       1.7504748446788360e-01 ]
R1: !!opencv-matrix
   rows: 3
   cols: 3
   dt: d
   data: [ 9.9155668013474685e-01, -1.4993138111810479e-02,
       1.2880433179718614e-01, 1.7439405490961159e-02,
       9.9968794352654677e-01, -1.7885264990646403e-02,
       -1.2849598132346893e-01, 1.9980524948658991e-02,
       9.9150872986902883e-01 ]
R2: !!opencv-matrix
   rows: 3
   cols: 3
   dt: d
   data: [ 9.9951978765203209e-01, -1.9919056817707542e-02,
       2.3736580788515468e-02, 1.9465062485318613e-02,
       9.9962604399846700e-01, 1.9206340161977198e-02,
       -2.4110276532620378e-02, -1.8735083012035879e-02,
       9.9953373691439384e-01 ]
P1: !!opencv-matrix
   rows: 3
   cols: 4
   dt: d
   data: [ 6.7491086722346256e+02, 0., 2.5064871978759766e+02, 0., 0.,
       6.7491086722346256e+02, 2.3899789428710938e+02, 0., 0., 0., 1.,
       0. ]
P2: !!opencv-matrix
   rows: 3
   cols: 4
   dt: d
   data: [ 6.7491086722346256e+02, 0., 2.5064871978759766e+02,
       4.9771890315671517e+03, 0., 6.7491086722346256e+02,
       2.3899789428710938e+02, 0., 0., 0., 1., 0. ]
Q: !!opencv-matrix
   rows: 4
   cols: 4
   dt: d
   data: [ 1., 0., 0., -2.5064871978759766e+02, 0., 1., 0.,
       -2.3899789428710938e+02, 0., 0., 0., 6.7491086722346256e+02, 0.,
       0., -1.3560081060673629e-01, 0. ]
