%YAML:1.0
---
M1: !!opencv-matrix
   rows: 3
   cols: 3
   dt: d
   data: [ 8.0291745862419452e+02, 0., 3.1963032692925384e+02, 0.,
       7.9661875164009530e+02, 2.3989562227910551e+02, 0., 0., 1. ]
D1: !!opencv-matrix
   rows: 1
   cols: 14
   dt: d
   data: [ -9.3086173335394609e-02, 1.3792245539036556e+00, 0., 0., 0.,
       0., 0., 4.1915313619130545e+00, 0., 0., 0., 0., 0., 0. ]
M2: !!opencv-matrix
   rows: 3
   cols: 3
   dt: d
   data: [ 8.0291745862419452e+02, 0., 3.2052203093390983e+02, 0.,
       7.9661875164009530e+02, 2.3902116573265695e+02, 0., 0., 1. ]
D2: !!opencv-matrix
   rows: 1
   cols: 14
   dt: d
   data: [ 1.3826233601053836e-01, -1.2669473203750761e+00, 0., 0., 0.,
       0., 0., -4.7720894105384986e+00, 0., 0., 0., 0., 0., 0. ]
